GPS Log,,,,,,,,
Item,Date,Elapse (s),Longitude,Latitude,Altitude (m),Heading,Speed (km/h),Total Distance (km)
1,34:17.5,0,-2.436906,51.377118,69.3,0,0,0
2,34:22.5,5,-2.436902,51.377144,69.3,325.6,2.1,0.003
3,34:23.5,6,-2.436903,51.377159,69.3,299.2,6,0.005
4,34:24.5,7,-2.436899,51.37717,69.3,239.9,4.8,0.006
5,34:28.5,11,-2.436887,51.377181,69.3,338.7,1.3,0.007
6,34:30.5,13,-2.436878,51.377178,69.3,271.8,1.2,0.008
7,34:36.5,19,-2.436881,51.37717,69.3,209.6,0.6,0.009
8,34:42.5,25,-2.436864,51.377165,69.3,260.1,0.8,0.01
9,34:43.5,26,-2.436849,51.377138,69.3,253.1,11.6,0.013
10,34:49.5,32,-2.436842,51.377144,69.3,15,0.5,0.014
11,34:58.5,41,-2.436855,51.377165,69.3,64.3,1,0.017
12,35:00.5,43,-2.43686,51.377166,69.3,159.6,0.6,0.017
13,35:01.5,44,-2.436861,51.377166,67.6,177.4,0.5,0.017
14,35:12.5,55,-2.436831,51.377174,67,232.1,0.7,0.02
15,35:18.5,61,-2.436809,51.377174,67,246.3,0.9,0.021
16,35:20.5,63,-2.436843,51.377099,69.4,238,15.5,0.03
17,35:21.5,64,-2.43659,51.37719,67.8,234.4,73.1,0.05
18,35:22.5,65,-2.43657,51.377246,65.4,256.2,22.6,0.056
19,35:23.5,66,-2.436521,51.377278,64.9,238.6,17.8,0.061
20,35:25.5,68,-2.436534,51.377252,65.1,242.2,5.5,0.064
21,35:26.5,69,-2.436534,51.377374,66.7,235.7,48.7,0.078
22,35:27.5,70,-2.436474,51.377282,67.6,239.1,39.6,0.089
23,35:28.5,71,-2.436461,51.37728,68.2,234.6,3.5,0.09
24,35:29.5,72,-2.436444,51.377275,69.2,253.6,4.8,0.091
25,35:30.5,73,-2.436424,51.377265,70.1,255.4,6.3,0.093
26,35:31.5,74,-2.436408,51.377255,70.4,308.4,5.6,0.094
27,35:32.5,75,-2.436393,51.377249,70.4,43.7,4.5,0.096
28,35:33.5,76,-2.436386,51.37724,70.3,35.5,3.8,0.097
29,35:34.5,77,-2.436395,51.377238,70,330.5,2.4,0.097
30,35:35.5,78,-2.436395,51.377223,70.2,331.7,5.8,0.099
31,35:36.5,79,-2.4364,51.377211,70.6,44.1,4.8,0.1
32,35:37.5,80,-2.436415,51.377197,71.3,26.3,7,0.102
33,35:38.5,81,-2.436439,51.377179,70.9,295.8,9.5,0.105
34,35:39.5,82,-2.436444,51.377165,71.2,253.8,5.7,0.107
35,35:40.5,83,-2.436429,51.377151,72,252.8,6.8,0.108
36,35:41.5,84,-2.436397,51.377144,72.6,245.8,8.4,0.111
37,35:42.5,85,-2.436376,51.377139,72.9,242.3,5.7,0.112
38,35:43.5,86,-2.436355,51.377134,72.4,227.3,5.3,0.114
39,35:44.5,87,-2.436333,51.377129,72.2,234.7,5.9,0.115
40,35:45.5,88,-2.436312,51.377123,71.7,261.1,5.9,0.117
41,35:46.5,89,-2.436285,51.377115,71.5,277.1,7.4,0.119
42,35:47.5,90,-2.43627,51.377108,70.6,280.8,4.9,0.12
43,35:48.5,91,-2.436267,51.377099,70.9,301.3,3.4,0.121
44,35:49.5,92,-2.436263,51.377086,71.4,310.8,5.3,0.123
45,35:50.5,93,-2.43626,51.377069,71.2,325.5,6.9,0.125
46,35:51.5,94,-2.436261,51.377055,70.7,315.7,5.8,0.126
47,35:52.5,95,-2.436359,51.376997,66.6,338.2,33.7,0.136
48,35:53.5,96,-2.436361,51.376985,66.2,330.3,4.8,0.137
49,35:54.5,97,-2.436363,51.376971,66,315.6,5.6,0.139
50,35:55.5,98,-2.436363,51.376965,65.7,311.5,2.3,0.139
51,35:56.5,99,-2.436362,51.376962,64.9,321.2,1.3,0.14
52,35:57.5,100,-2.436355,51.376955,66.7,320.8,3.2,0.141
53,35:58.5,101,-2.436355,51.376935,67.5,322.9,8,0.143
54,35:59.5,102,-2.436355,51.376924,66.8,324.5,4.5,0.144
55,36:00.5,103,-2.436358,51.376924,65.9,319.1,0.8,0.144
56,36:01.5,104,-2.436347,51.376915,65.6,330,4.4,0.146
57,36:02.5,105,-2.436346,51.376894,66.1,329.1,8.6,0.148
58,36:03.5,106,-2.436342,51.37688,65.7,323.4,5.6,0.149
59,36:04.5,107,-2.436333,51.376865,66.3,305.5,6.4,0.151
60,36:05.5,108,-2.436345,51.37685,66.6,307.1,6.7,0.153
61,36:06.5,109,-2.436352,51.376838,67,322.4,5.1,0.154
62,36:07.5,110,-2.436344,51.376825,67.1,307.5,5.7,0.156
63,36:08.5,111,-2.436338,51.37682,66.4,300.4,2.4,0.157
64,36:09.5,112,-2.436328,51.376813,65.7,316.7,3.7,0.158
65,36:10.5,113,-2.436322,51.376807,65.2,303,3,0.159
66,36:11.5,114,-2.436331,51.376791,66,312.1,6.8,0.161
67,36:12.5,115,-2.436337,51.376781,65.9,315.3,4,0.162
68,36:13.5,116,-2.436329,51.376766,67.9,294.3,6.3,0.163
69,36:14.5,117,-2.436336,51.376759,67.7,156.2,3.4,0.164
70,36:15.5,118,-2.436334,51.376743,67.9,165.7,6.4,0.166
71,36:16.5,119,-2.436332,51.376741,67.2,168.2,1,0.166
72,36:17.5,120,-2.436314,51.376726,67.4,155,7.6,0.168
73,36:18.5,121,-2.436302,51.376712,66.6,154.2,6.4,0.17
74,36:19.5,122,-2.436288,51.37671,66.9,162.6,3.7,0.171
75,36:20.5,123,-2.436279,51.376701,67.2,164.4,4.2,0.172
76,36:21.5,124,-2.436279,51.37669,67,170.6,4.3,0.174
77,36:22.5,125,-2.436266,51.376675,67.2,169.4,6.8,0.176
78,36:23.5,126,-2.436271,51.376665,66.9,171.5,4.2,0.177
79,36:24.5,127,-2.436256,51.376655,67.1,164.1,5.4,0.178
80,36:25.5,128,-2.436249,51.376645,66.8,164.8,4.6,0.18
81,36:26.5,129,-2.436244,51.376635,67.1,165.9,4,0.181
82,36:27.5,130,-2.436237,51.37662,67.2,175.7,6.3,0.182
83,36:28.5,131,-2.436234,51.376604,67.4,198.7,6.6,0.184
84,36:29.5,132,-2.436244,51.376592,67.3,191.3,5.2,0.186
85,36:30.5,133,-2.436247,51.376582,67.3,191.4,4.3,0.187
86,36:31.5,134,-2.436242,51.376571,67.1,194.6,4.5,0.188
87,36:32.5,135,-2.436233,51.376563,67.1,190.9,3.8,0.189
88,36:33.5,136,-2.436241,51.376543,67.4,191.7,8.3,0.191
89,36:34.5,137,-2.436252,51.376533,67.1,192.3,4.7,0.193
90,36:35.5,138,-2.436264,51.376523,67.2,199.8,5.2,0.194
91,36:36.5,139,-2.436267,51.376512,67.1,209,4.4,0.195
92,36:37.5,140,-2.436271,51.376499,67.3,227.4,5.3,0.197
93,36:38.5,141,-2.43628,51.376482,67.2,211.5,6.9,0.199
94,36:39.5,142,-2.436285,51.376462,67.2,215.3,8.1,0.201
95,36:40.5,143,-2.436283,51.376459,67.1,207.4,1.5,0.202
96,36:41.5,144,-2.436268,51.376438,66.9,190.7,9.2,0.204
97,36:42.5,145,-2.436281,51.376432,66.7,185.5,4,0.205
98,36:43.5,146,-2.436281,51.376423,67,205.8,3.7,0.206
99,36:44.5,147,-2.436282,51.376413,67.1,211.7,3.8,0.207
100,36:45.5,148,-2.436279,51.376402,67.2,214.9,4.8,0.209
101,36:46.5,149,-2.436274,51.376387,67.5,199.8,6,0.21
102,36:47.5,150,-2.436266,51.376371,67.3,191,6.6,0.212
103,36:48.5,151,-2.436284,51.376363,67.4,197,5.4,0.214
104,36:49.5,152,-2.436286,51.376352,67.5,192.4,4.3,0.215
105,36:50.5,153,-2.4363,51.376347,68,194.8,4.1,0.216
106,36:51.5,154,-2.436318,51.376338,67.7,193.7,5.6,0.218
107,36:52.5,155,-2.436334,51.37633,67.8,199.2,5.4,0.219
108,36:53.5,156,-2.436327,51.376329,68.3,198.3,1.8,0.22
109,36:54.5,157,-2.436327,51.376316,68.3,194.6,5.2,0.221
110,36:55.5,158,-2.436336,51.376308,67.9,192.3,3.9,0.222
111,36:56.5,159,-2.436346,51.376298,68.1,190,4.7,0.223
112,36:57.5,160,-2.436351,51.376286,68.1,193.4,4.8,0.225
113,36:58.5,161,-2.436368,51.376279,68.2,193.5,5.3,0.226
114,36:59.5,162,-2.436381,51.376272,68,191.8,4,0.227
115,37:00.5,163,-2.436393,51.376263,68,197.2,4.9,0.229
116,37:01.5,164,-2.436398,51.376248,68.2,210.6,6.2,0.23
117,37:02.5,165,-2.436406,51.37624,68.1,188.7,3.6,0.231
118,37:03.5,166,-2.436409,51.376228,68.3,286.9,5,0.233
119,37:04.5,167,-2.436414,51.376219,68.5,276,3.5,0.234
120,37:05.5,168,-2.436419,51.376208,68.4,292.9,4.6,0.235
121,37:06.5,169,-2.436412,51.376209,67.3,307.2,1.8,0.236
122,37:07.5,170,-2.436422,51.376195,68.8,306.9,6,0.237
123,37:08.5,171,-2.436435,51.376185,68.7,301,5,0.239
124,37:09.5,172,-2.436444,51.376173,68,286.8,5.5,0.24
125,37:10.5,173,-2.436444,51.376166,67.8,320.4,2.8,0.241
126,37:11.5,174,-2.436445,51.376158,68.3,338.7,3.1,0.242
127,37:12.5,175,-2.436456,51.376143,68.9,338.7,6.6,0.244
128,37:13.5,176,-2.436468,51.376131,67.9,331,5.5,0.245
129,37:14.5,177,-2.436487,51.376136,68.2,334.3,5.1,0.247
130,37:15.5,178,-2.436493,51.376121,67.9,342.8,6.1,0.248
131,37:16.5,179,-2.4365,51.376109,67.6,341.6,5.4,0.25
132,37:17.5,180,-2.436507,51.376097,67.6,335.6,5.1,0.251
133,37:18.5,181,-2.436512,51.376084,68,339.4,5.1,0.253
134,37:19.5,182,-2.436512,51.376074,69.2,342,4.1,0.254
135,37:20.5,183,-2.436526,51.376065,68.6,344,5.1,0.255
136,37:21.5,184,-2.436542,51.376052,68.3,350.8,6.3,0.257
137,37:22.5,185,-2.436552,51.376041,68.3,360,5.1,0.258
138,37:23.5,186,-2.436568,51.376037,68,9.1,4.5,0.26
139,37:24.5,187,-2.436588,51.376035,68.5,47.7,5,0.261
140,37:25.5,188,-2.436599,51.376033,68.6,48.7,2.7,0.262
141,37:26.5,189,-2.43662,51.376038,68.8,41.6,5.6,0.263
142,37:27.5,190,-2.43664,51.376043,67.9,54.9,5.6,0.265
143,37:28.5,191,-2.436662,51.376049,67.9,60.9,5.9,0.267
144,37:29.5,192,-2.436684,51.376055,67.3,60,6,0.268
145,37:30.5,193,-2.436695,51.376061,67.1,62.3,3.6,0.269
146,37:31.5,194,-2.436703,51.376062,66.7,53.9,2.1,0.27
147,37:32.5,195,-2.436717,51.376068,68.6,61.6,4.2,0.271
148,37:33.5,196,-2.436742,51.376067,69.2,55.4,6.3,0.273
149,37:34.5,197,-2.436763,51.376066,70.4,39.9,5.1,0.274
150,37:35.5,198,-2.436785,51.376064,70,41.7,5.7,0.276
151,37:36.5,199,-2.436801,51.376057,69.2,51.6,4.8,0.277
152,37:37.5,200,-2.436818,51.376057,68.2,56.7,4.1,0.278
153,37:38.5,201,-2.436826,51.376056,67.7,46.4,2,0.279
154,37:39.5,202,-2.436839,51.376059,68.2,55.9,3.4,0.28
155,37:40.5,203,-2.436858,51.376063,68.3,51.5,5.2,0.281
156,37:41.5,204,-2.436873,51.376063,67.5,48.1,3.6,0.282
157,37:42.5,205,-2.436891,51.376063,68.4,54.3,4.5,0.283
158,37:43.5,206,-2.436904,51.376061,68.6,59.9,3.4,0.284
159,37:44.5,207,-2.436928,51.376063,69,60.2,6.2,0.286
160,37:45.5,208,-2.436927,51.376065,68.8,61.6,0.8,0.286
161,37:46.5,209,-2.436949,51.376074,68.3,68.9,6.7,0.288
162,37:47.5,210,-2.436963,51.376075,67.4,64.8,3.5,0.289
163,37:48.5,211,-2.436981,51.376071,67.2,57.6,4.8,0.29
164,37:49.5,212,-2.437007,51.376075,66.7,42.6,6.5,0.292
165,37:50.5,213,-2.437026,51.376078,66.2,59.9,4.9,0.294
166,37:51.5,214,-2.437049,51.376081,66.6,59.9,5.9,0.295
167,37:52.5,215,-2.437086,51.376091,69.3,63.9,10.1,0.298
168,37:53.5,216,-2.437093,51.376087,68,50.7,2.2,0.299
169,37:54.5,217,-2.437123,51.376091,67.3,65.2,7.7,0.301
170,37:55.5,218,-2.437136,51.376088,67.3,56,3.5,0.302
171,37:56.5,219,-2.437157,51.376088,67.4,69.1,5.3,0.303
172,37:57.5,220,-2.437161,51.376098,67.7,76,4.2,0.304
173,37:58.5,221,-2.43717,51.376111,67.3,67.1,5.8,0.306
174,37:59.5,222,-2.437186,51.376111,67.8,55.5,4,0.307
175,38:00.5,223,-2.437215,51.376115,68.7,72.7,7.3,0.309
176,38:01.5,224,-2.43724,51.376112,68,66.7,6.3,0.311
177,38:02.5,225,-2.437261,51.376122,67.9,65.5,6.7,0.313
178,38:03.5,226,-2.437281,51.37612,67,71.1,5.1,0.314
179,38:04.5,227,-2.437282,51.376127,65.7,80.9,2.7,0.315
180,38:05.5,228,-2.437298,51.376137,68.3,73.8,5.9,0.317
181,38:06.5,229,-2.437312,51.376125,68.5,75.1,6.1,0.318
182,38:07.5,230,-2.437322,51.376136,67.4,66.6,5.3,0.32
183,38:08.5,231,-2.437333,51.376143,67.4,74.1,4,0.321
184,38:09.5,232,-2.437347,51.376154,67.6,75.8,5.5,0.322
185,38:10.5,233,-2.437383,51.376139,67.6,79.9,10.8,0.325
186,38:11.5,234,-2.437405,51.376143,68.8,89.5,5.8,0.327
187,38:12.5,235,-2.437427,51.376143,68.7,86.4,5.4,0.328
188,38:13.5,236,-2.437447,51.376147,69.1,104.7,5.2,0.33
189,38:14.5,237,-2.437465,51.376161,68,104.3,7.1,0.332
190,38:15.5,238,-2.437478,51.376177,67.6,90.7,7.3,0.334
191,38:16.5,239,-2.437492,51.376185,68,72.1,4.6,0.335
192,38:17.5,240,-2.437505,51.376185,69.6,86.4,3.2,0.336
193,38:18.5,241,-2.43752,51.37619,68.6,80.2,4.1,0.337
194,38:19.5,242,-2.437535,51.376198,68,84.1,5.3,0.339
195,38:20.5,243,-2.437549,51.376201,67.5,94.8,3.6,0.34
196,38:21.5,244,-2.437566,51.376203,69.1,119.5,4.2,0.341
197,38:22.5,245,-2.437572,51.376209,68.2,107.6,3,0.342
198,38:23.5,246,-2.437577,51.376213,67.3,118.5,1.9,0.342
199,38:24.5,247,-2.437609,51.376221,66.3,121.6,8.6,0.345
200,38:25.5,248,-2.437611,51.37623,67.1,122.9,3.7,0.346
201,38:26.5,249,-2.437617,51.376238,69.1,130.1,3.6,0.347
202,38:27.5,250,-2.437624,51.376244,67.8,116.5,2.9,0.347
203,38:28.5,251,-2.437627,51.376247,66.9,119.3,1.5,0.348
204,38:29.5,252,-2.437631,51.376258,66.3,118,4.5,0.349
205,38:30.5,253,-2.437638,51.376261,67.1,119.8,2,0.35
206,38:31.5,254,-2.437645,51.376265,67.2,96.2,2.4,0.35
207,38:32.5,255,-2.437649,51.376276,66.6,120,4.4,0.352
208,38:33.5,256,-2.437655,51.376284,67.8,114.2,3.3,0.352
209,38:34.5,257,-2.437667,51.376297,68.6,109.8,6.2,0.354
210,38:35.5,258,-2.43768,51.376313,68.1,106.5,7,0.356
211,38:36.5,259,-2.437686,51.376331,66.5,106,7.6,0.358
212,38:37.5,260,-2.437691,51.376346,66.2,111.7,5.9,0.36
213,38:38.5,261,-2.437689,51.376349,65,106.5,1.6,0.36
214,38:39.5,262,-2.437701,51.376369,64.8,113.7,8.3,0.363
215,38:40.5,263,-2.437718,51.376377,65,108.2,5.1,0.364
216,38:41.5,264,-2.437723,51.376373,64.5,115.5,2,0.365
217,38:42.5,265,-2.43773,51.376384,65.3,111.6,5,0.366
218,38:43.5,266,-2.437747,51.376392,65.8,112,5.2,0.367
219,38:44.5,267,-2.437749,51.376408,66.7,128.1,6.6,0.369
220,38:45.5,268,-2.437754,51.376419,66.3,119.4,4.7,0.371
221,38:46.5,269,-2.43775,51.37645,66.9,121,12.3,0.374
222,38:47.5,270,-2.437737,51.376461,66.8,119,5.6,0.376
223,38:48.5,271,-2.437745,51.376463,66.6,114.9,2.2,0.376
224,38:49.5,272,-2.437747,51.376469,65.7,118.1,2.4,0.377
225,38:50.5,273,-2.437753,51.376481,66.8,101.4,5.2,0.378
226,38:51.5,274,-2.437767,51.376485,66.7,114.5,3.7,0.379
227,38:52.5,275,-2.437791,51.376493,66.4,127.6,6.8,0.381
228,38:53.5,276,-2.437802,51.376499,66.2,122.8,3.6,0.382
229,38:54.5,277,-2.437808,51.37651,66.6,121.8,4.8,0.384
230,38:55.5,278,-2.437814,51.37652,66.3,127.7,4.2,0.385
231,38:56.5,279,-2.437822,51.37652,65.7,119.5,2,0.385
232,38:57.5,280,-2.43783,51.376532,65.3,129.2,5.1,0.387
233,38:58.5,281,-2.437835,51.376538,65.4,147.1,2.9,0.387
234,38:59.5,282,-2.437836,51.37655,67.8,132.5,4.6,0.389
235,39:00.5,283,-2.437828,51.376566,68.3,145.9,6.8,0.391
236,39:01.5,284,-2.437833,51.37657,65.4,140.7,1.7,0.391
237,39:02.5,285,-2.437837,51.376579,65.5,130.7,3.7,0.392
238,39:03.5,286,-2.437838,51.376591,65.6,131.6,4.9,0.393
239,39:04.5,287,-2.437854,51.376601,66,139.8,5.8,0.395
240,39:05.5,288,-2.437847,51.376616,66,141.6,6,0.397
241,39:06.5,289,-2.437851,51.37663,66.8,154.5,5.9,0.398
242,39:07.5,290,-2.437842,51.376642,66.4,167,5.2,0.4
243,39:08.5,291,-2.437834,51.376649,65.6,158.1,3.3,0.401
244,39:09.5,292,-2.437834,51.376661,65.1,165.7,4.9,0.402
245,39:10.5,293,-2.437832,51.376672,65.5,169.5,4.5,0.403
246,39:11.5,294,-2.437831,51.376676,64.2,170.9,1.5,0.404
247,39:12.5,295,-2.437831,51.376685,65.9,156.6,3.7,0.405
248,39:13.5,296,-2.43783,51.376695,67.2,167.8,4.1,0.406
249,39:14.5,297,-2.437826,51.376706,65.3,168.8,4.6,0.407
250,39:15.5,298,-2.437824,51.376712,65.4,165.1,2.3,0.408
251,39:16.5,299,-2.437818,51.376719,65.8,166.4,3.1,0.409
252,39:17.5,300,-2.437819,51.376724,65.8,166.8,2.1,0.409
253,39:18.5,301,-2.437812,51.376736,66.9,172.7,4.9,0.411
254,39:19.5,302,-2.43781,51.376745,66.6,170.9,3.7,0.412
255,39:20.5,303,-2.437808,51.37675,65.8,153.7,2.1,0.412
256,39:21.5,304,-2.437805,51.376759,65,169.5,4,0.413
257,39:22.5,305,-2.437807,51.376767,64.5,168,3,0.414
258,39:23.5,306,-2.437801,51.376775,64.2,163.1,3.8,0.415
259,39:24.5,307,-2.4378,51.376795,66.9,172,8,0.417
260,39:25.5,308,-2.437794,51.376803,66.2,166.3,3.4,0.418
261,39:26.5,309,-2.43779,51.376812,65.7,170.8,3.8,0.419
262,39:27.5,310,-2.437782,51.376819,65.7,190.2,3.5,0.42
263,39:28.5,311,-2.437779,51.376832,65.6,184.9,5,0.422
264,39:29.5,312,-2.437775,51.37684,66.4,186.4,3.6,0.423
265,39:30.5,313,-2.437762,51.376847,66.4,212.6,4.2,0.424
266,39:31.5,314,-2.437747,51.376864,67.5,214.7,7.6,0.426
267,39:32.5,315,-2.43772,51.376862,65.8,215,6.6,0.428
268,39:33.5,316,-2.437709,51.376867,65.5,228.4,3.5,0.429
269,39:34.5,317,-2.437692,51.376872,65.7,236,4.6,0.43
270,39:35.5,318,-2.43767,51.376879,67.1,231.8,6.3,0.432
271,39:36.5,319,-2.437647,51.376864,67.2,229.1,8,0.434
272,39:37.5,320,-2.437609,51.376854,67,236.9,10.2,0.437
273,39:38.5,321,-2.437585,51.376851,67.6,228.3,6.3,0.439
274,39:39.5,322,-2.437575,51.37685,67.9,227.2,2.4,0.439
275,39:40.5,323,-2.43755,51.37684,68.5,228.4,7.7,0.442
276,39:41.5,324,-2.43754,51.376839,67.2,222,2.4,0.442
277,39:42.5,325,-2.437536,51.376844,65.9,214.2,2.3,0.443
278,39:43.5,326,-2.437531,51.376848,66,199.6,1.7,0.443
279,39:44.5,327,-2.437522,51.376854,67.7,205.2,3.3,0.444
280,39:45.5,328,-2.437489,51.37687,67.1,188.4,10.4,0.447
281,39:46.5,329,-2.437461,51.376898,66.6,182,13.2,0.451
282,39:47.5,330,-2.437461,51.376916,66.7,180.6,7.5,0.453
283,39:48.5,331,-2.437462,51.376916,66.9,174.4,0.3,0.453
284,39:49.5,332,-2.437452,51.376925,65.8,165.4,4.1,0.454
285,39:50.5,333,-2.437451,51.37693,67.1,147.7,2.1,0.455
286,39:51.5,334,-2.437447,51.376939,66.7,139.2,3.9,0.456
287,39:52.5,335,-2.437443,51.376949,66.3,149.9,4.1,0.457
288,39:53.5,336,-2.437444,51.376957,65.8,150.6,3.3,0.458
289,39:54.5,337,-2.437443,51.376963,65.4,152.2,2.3,0.458
290,39:55.5,338,-2.437443,51.376976,65.6,146.3,5.2,0.46
291,39:56.5,339,-2.437438,51.37699,65.3,156.2,5.7,0.462
292,39:57.5,340,-2.437431,51.377012,65.5,160.1,9.1,0.464
293,39:58.5,341,-2.437427,51.377026,66.9,159.3,5.7,0.466
294,39:59.5,342,-2.437427,51.377034,66.9,159.8,3.3,0.467
295,40:00.5,343,-2.437403,51.377053,65.4,158.6,9.6,0.469
296,40:01.5,344,-2.437407,51.377053,65.3,147.6,1.1,0.47
297,40:02.5,345,-2.437402,51.377056,65.3,166.4,1.9,0.47
298,40:03.5,346,-2.437401,51.377058,64.8,170.6,0.7,0.47
299,40:04.5,347,-2.437381,51.377072,67.1,188.1,7.6,0.472
300,40:05.5,348,-2.437368,51.377082,65,171.3,5.2,0.474
301,40:06.5,349,-2.437355,51.377091,64.5,179,4.6,0.475
302,40:07.5,350,-2.437365,51.3771,64.1,177.3,4.5,0.476
303,40:08.5,351,-2.437368,51.377109,65.6,180,3.5,0.477
304,40:09.5,352,-2.437351,51.377125,64.8,182.2,7.8,0.479
305,40:10.5,353,-2.437352,51.377135,64.9,172.8,4.2,0.481
306,40:11.5,354,-2.437356,51.377141,65.4,166.1,2.5,0.481
307,40:12.5,355,-2.43735,51.377152,66.1,171.2,4.5,0.483
308,40:13.5,356,-2.437337,51.377161,64.7,182,5.1,0.484
309,40:14.5,357,-2.437345,51.377167,63.7,183.8,2.9,0.485
310,40:15.5,358,-2.437355,51.377171,63.3,190.7,3,0.486
311,40:16.5,359,-2.437343,51.377175,63,206.1,3.3,0.487
312,40:17.5,360,-2.437337,51.377182,63.5,123.8,3.5,0.488
313,40:18.5,361,-2.437327,51.377186,64.4,58.5,2.9,0.488
314,40:19.5,362,-2.437311,51.37719,64.6,60.4,4.2,0.489
315,40:20.5,363,-2.437296,51.377196,65.3,60.2,4.7,0.491
316,40:21.5,364,-2.437281,51.377194,65.5,44.7,3.7,0.492
317,40:22.5,365,-2.437276,51.377195,65.3,44.8,1.4,0.492
318,40:23.5,366,-2.437274,51.377206,65.1,94.8,4.7,0.493
319,40:24.5,367,-2.437287,51.377207,65.3,80.9,3.2,0.494
320,40:25.5,368,-2.437291,51.37721,65.4,40.5,1.7,0.495
321,40:26.5,369,-2.437293,51.377207,65.6,41.6,1.6,0.495
322,40:27.5,370,-2.437301,51.377206,65.4,59.1,2.2,0.496
323,40:28.5,371,-2.437287,51.377208,64.4,15.9,3.8,0.497
324,40:29.5,372,-2.437315,51.377189,66.4,25,10.4,0.5
325,40:30.5,373,-2.437328,51.377187,65.1,25.4,3.2,0.501
326,40:31.5,374,-2.437339,51.377177,64,357.1,5,0.502
327,40:32.5,375,-2.437348,51.377157,67.1,350.6,8.2,0.504
328,40:33.5,376,-2.437343,51.377151,65.1,35.6,2.9,0.505
329,40:34.5,377,-2.437359,51.377134,66.1,36.3,8,0.507
330,40:35.5,378,-2.437367,51.377132,67.2,28.3,2,0.508
331,40:36.5,379,-2.437375,51.377133,65.9,12.9,2,0.509
332,40:37.5,380,-2.437398,51.377127,67.2,354.1,6.2,0.51
333,40:38.5,381,-2.437397,51.37712,66.3,336.3,2.8,0.511
334,40:39.5,382,-2.437399,51.377105,66.7,325.5,5.8,0.513
335,40:40.5,383,-2.4374,51.377091,66.3,322.9,5.7,0.514
336,40:41.5,384,-2.4374,51.377076,67.2,327.7,5.8,0.516
337,40:42.5,385,-2.437395,51.377058,67.3,342.8,7.5,0.518
338,40:43.5,386,-2.437407,51.377019,66.7,345.2,16,0.522
339,40:44.5,387,-2.437376,51.377035,65.1,348.3,10.1,0.525
340,40:45.5,388,-2.437362,51.37703,64.9,340.5,3.9,0.526
341,40:46.5,389,-2.437372,51.377025,65.4,325.1,3.2,0.527
342,40:47.5,390,-2.437384,51.377006,66,200.5,8,0.529
343,40:48.5,391,-2.437373,51.377013,66.5,223.5,3.7,0.53
344,40:49.5,392,-2.437363,51.377002,66.8,214.5,4.9,0.532
345,40:50.5,393,-2.437385,51.376989,66.1,209.5,7.4,0.534
346,40:51.5,394,-2.437401,51.376975,66.3,182.3,7.1,0.536
347,40:52.5,395,-2.437423,51.376964,66.7,277.5,7.1,0.538
348,40:53.5,396,-2.43744,51.376958,66.5,326.9,4.8,0.539
349,40:54.5,397,-2.43746,51.376952,66.9,301.9,5.4,0.541
350,40:55.5,398,-2.437457,51.37695,67.1,287.2,1.3,0.541
351,40:56.5,399,-2.437451,51.37694,66.7,244.8,4.1,0.542
352,40:57.5,400,-2.437445,51.37694,66.7,209.1,1.3,0.542
353,40:58.5,401,-2.43743,51.376946,66.6,162.6,4.5,0.544
354,40:59.5,402,-2.437404,51.376948,66.3,188.6,6.6,0.546
355,41:00.5,403,-2.437391,51.376953,66.5,232.4,3.8,0.547
356,41:01.5,404,-2.437402,51.376949,66.5,251.7,3.1,0.547
357,41:02.5,405,-2.437403,51.376947,66.3,260.5,1,0.548
358,41:03.5,406,-2.437394,51.376942,66.1,330.7,2.8,0.549
359,41:04.5,407,-2.43741,51.376938,65.8,292.2,4.4,0.55
360,41:05.5,408,-2.437425,51.376936,66.2,282.6,3.6,0.551
361,41:06.5,409,-2.437435,51.376943,66.3,315.8,3.6,0.552
362,41:07.5,410,-2.437444,51.376943,66,335.9,2.3,0.552
363,41:08.5,411,-2.43745,51.376946,65.9,311.6,1.7,0.553
364,41:09.5,412,-2.437445,51.376939,66.2,274.4,3.1,0.554
365,41:10.5,413,-2.437445,51.376939,66.1,180.1,0.3,0.554
366,41:11.5,414,-2.437435,51.376938,66,150.1,2.5,0.555
367,41:12.5,415,-2.437436,51.376946,66.1,123.2,3.1,0.555
368,41:13.5,416,-2.437429,51.376938,66.2,136.3,3.4,0.556
369,41:14.5,417,-2.437412,51.376942,66.4,143.4,4.7,0.558
370,41:15.5,418,-2.437398,51.376948,66.6,145.9,4,0.559
371,41:16.5,419,-2.437398,51.376948,66.7,141.2,0,0.559
372,41:17.5,420,-2.437372,51.37696,66.7,68.3,8,0.561
373,41:18.5,421,-2.437379,51.376968,66.9,349.4,3.9,0.562
374,41:19.5,422,-2.437404,51.376959,66.7,348.2,7.3,0.564
375,41:20.5,423,-2.437417,51.376965,66.7,6.6,4.2,0.565
376,41:21.5,424,-2.437441,51.376968,66.6,12.8,6,0.567
377,41:22.5,425,-2.437448,51.37697,66.6,15.4,2.1,0.567
378,41:23.5,426,-2.437448,51.376976,66.4,8.5,2.4,0.568
379,41:24.5,427,-2.437447,51.376977,66.4,8.5,0.3,0.568
380,41:25.5,428,-2.437451,51.376981,66.4,8.4,1.8,0.569
381,41:26.5,429,-2.437458,51.376966,66.4,63.8,5.9,0.57
382,41:27.5,430,-2.43746,51.376988,66.7,200.6,8.5,0.573
383,41:28.5,431,-2.43745,51.376989,66.3,279.9,2.4,0.573
384,41:29.5,432,-2.437467,51.376987,66.1,244.9,4.3,0.575
385,41:30.5,433,-2.437445,51.37697,66,260.4,8.8,0.577
386,41:31.5,434,-2.437426,51.376952,66.1,278.9,8.6,0.579
387,41:32.5,435,-2.43741,51.376942,65.8,282.6,5.8,0.581
388,41:33.5,436,-2.437412,51.376939,66.1,299.7,1.2,0.581
389,41:34.5,437,-2.437414,51.37692,66.9,309.5,7.6,0.583
390,41:35.5,438,-2.437433,51.3769,66.9,219.5,9.2,0.586
391,41:36.5,439,-2.437457,51.376892,68.2,227.2,6.7,0.588
392,41:37.5,440,-2.437479,51.376876,67.9,234.3,8.6,0.59
393,41:38.5,441,-2.4375,51.376871,67.6,231.1,5.7,0.592
394,41:39.5,442,-2.437529,51.376861,67.7,231,8.3,0.594
395,41:40.5,443,-2.437539,51.376856,67.3,236.9,3.3,0.595
396,41:41.5,444,-2.437552,51.376855,67.4,257,3.2,0.596
397,41:42.5,445,-2.437572,51.376852,67.3,226.6,5.3,0.597
398,41:43.5,446,-2.4376,51.376854,67.1,301.9,7,0.599
399,41:44.5,447,-2.437625,51.376847,67.3,60.7,6.9,0.601
400,41:45.5,448,-2.437651,51.376854,67.1,64.2,7.2,0.603
401,41:46.5,449,-2.437674,51.376857,67.2,64.2,5.8,0.605
402,41:47.5,450,-2.437697,51.37686,67.2,55.9,5.8,0.607
403,41:48.5,451,-2.437714,51.376858,67.2,42.5,4.4,0.608
404,41:49.5,452,-2.437723,51.376863,67,30.5,3.1,0.609
405,41:50.5,453,-2.437729,51.376859,65.7,16.6,2,0.609
406,41:51.5,454,-2.437757,51.376855,67.5,10,7.3,0.611
407,41:52.5,455,-2.437773,51.376845,68,7.5,5.7,0.613
408,41:53.5,456,-2.437779,51.376849,67,357.3,2.1,0.613
409,41:54.5,457,-2.437789,51.376846,67.2,350.5,2.8,0.614
410,41:55.5,458,-2.437776,51.376821,67,339.7,10.7,0.617
411,41:56.5,459,-2.437778,51.376797,67.8,350,9.4,0.62
412,41:57.5,460,-2.437786,51.376777,65.8,335.8,8.2,0.622
413,41:58.5,461,-2.437783,51.376765,64.5,340,4.9,0.623
414,41:59.5,462,-2.437782,51.376753,63.3,327.4,4.9,0.625
415,42:00.5,463,-2.437783,51.37676,63.4,336.7,2.6,0.625
416,42:01.5,464,-2.437796,51.376758,64.8,332.9,3.3,0.626
417,42:02.5,465,-2.437801,51.376734,65.6,334.2,9.8,0.629
418,42:03.5,466,-2.437815,51.376722,66.9,338.7,5.8,0.631
419,42:04.5,467,-2.437817,51.376713,64.7,332.5,3.7,0.632
420,42:05.5,468,-2.437813,51.376706,63.7,325.1,2.8,0.633
421,42:06.5,469,-2.43782,51.3767,64.5,342.8,3.2,0.633
422,42:07.5,470,-2.437833,51.376692,67.3,340.8,4.4,0.635
423,42:08.5,471,-2.437828,51.376687,67.2,344.8,2.4,0.635
424,42:09.5,472,-2.437839,51.376681,66.7,345.8,3.8,0.636
425,42:10.5,473,-2.437845,51.376676,66.7,358.8,2.5,0.637
426,42:11.5,474,-2.437853,51.376672,66.8,343.8,2.6,0.638
427,42:12.5,475,-2.437852,51.376668,65.9,326.3,1.5,0.638
428,42:13.5,476,-2.437856,51.376659,65.5,333.7,3.8,0.639
429,42:14.5,477,-2.437859,51.376647,65.2,332.3,4.8,0.641
430,42:15.5,478,-2.437862,51.376634,67.1,323.2,5.3,0.642
431,42:16.5,479,-2.437864,51.376624,66.6,313.7,4,0.643
432,42:17.5,480,-2.437858,51.376601,67.3,298.1,9.3,0.646
433,42:18.5,481,-2.437841,51.376592,67.4,316.6,5.6,0.647
434,42:19.5,482,-2.437833,51.376584,66.9,319.1,3.9,0.648
435,42:20.5,483,-2.437828,51.376564,66,315.4,7.7,0.651
436,42:21.5,484,-2.437826,51.376557,65.3,321.7,3,0.651
437,42:22.5,485,-2.437836,51.376542,67.5,306.8,6.4,0.653
438,42:23.5,486,-2.437831,51.376543,66.4,295.3,1.3,0.654
439,42:24.5,487,-2.437825,51.376537,66.8,310.5,2.6,0.654
440,42:25.5,488,-2.43783,51.37653,68.2,302.9,3.2,0.655
441,42:26.5,489,-2.437839,51.376524,66.9,290.7,3.1,0.656
442,42:27.5,490,-2.437841,51.376517,65.3,294.4,2.9,0.657
443,42:28.5,491,-2.437844,51.376506,64.7,297.8,4.8,0.658
444,42:29.5,492,-2.437831,51.376494,67.5,290.2,5.5,0.66
445,42:30.5,493,-2.437828,51.376486,66.5,298.3,3.6,0.661
446,42:31.5,494,-2.437823,51.376475,66.3,282.6,4.4,0.662
447,42:32.5,495,-2.437811,51.376465,66.4,288.2,5.1,0.663
448,42:33.5,496,-2.437791,51.376449,67.9,293.1,8.1,0.666
449,42:34.5,497,-2.437784,51.376447,65.4,288.6,2,0.666
450,42:35.5,498,-2.437777,51.376442,64.8,288.7,2.9,0.667
451,42:36.5,499,-2.437769,51.376432,66,287.7,4.4,0.668
452,42:37.5,500,-2.437754,51.376423,66.3,286,5,0.669
453,42:38.5,501,-2.437746,51.376417,65.8,284.1,3.3,0.67
454,42:39.5,502,-2.43774,51.376405,66.1,293.3,4.9,0.672
455,42:40.5,503,-2.437731,51.37639,67.6,290,6.3,0.674
456,42:41.5,504,-2.43772,51.376387,65.7,273.8,3.2,0.674
457,42:42.5,505,-2.43771,51.376369,65.6,288.3,7.6,0.677
458,42:43.5,506,-2.437701,51.37638,65.6,280.9,4.9,0.678
459,42:44.5,507,-2.437674,51.376373,67.4,276.9,7.2,0.68
460,42:45.5,508,-2.437666,51.376369,66.6,272.4,2.8,0.681
461,42:46.5,509,-2.437653,51.376359,66.6,282.2,5,0.682
462,42:47.5,510,-2.437616,51.376364,67,272.5,9.6,0.685
463,42:48.5,511,-2.437605,51.376362,67.2,264.8,2.9,0.685
464,42:49.5,512,-2.437597,51.376352,68.3,290.5,4.4,0.687
465,42:50.5,513,-2.437593,51.376347,67.4,295.1,2,0.687
466,42:51.5,514,-2.437587,51.376332,66,306.1,6.4,0.689
467,42:52.5,515,-2.437587,51.376315,66.4,285.4,6.8,0.691
468,42:53.5,516,-2.437573,51.376307,67.2,282.4,4.8,0.692
469,42:54.5,517,-2.437564,51.376302,67.4,287,2.8,0.693
470,42:55.5,518,-2.437555,51.376289,67.2,289.2,5.8,0.695
471,42:56.5,519,-2.437536,51.376273,68,298.1,8.1,0.697
472,42:57.5,520,-2.437538,51.376276,67.2,292.2,1.6,0.697
473,42:58.5,521,-2.437538,51.376265,66.6,292.7,4.4,0.699
474,42:59.5,522,-2.437538,51.376258,65.8,285.3,2.8,0.699
475,43:00.5,523,-2.43751,51.376241,68.8,288.1,9.8,0.702
476,43:01.5,524,-2.437492,51.376238,66.1,290.9,4.7,0.703
477,43:02.5,525,-2.437505,51.376229,66.7,280.4,5.1,0.705
478,43:03.5,526,-2.437492,51.376231,67.3,271.3,3.4,0.706
479,43:04.5,527,-2.437473,51.376222,68,264.1,6,0.707
480,43:05.5,528,-2.437448,51.376215,67.4,263.8,7,0.709
481,43:06.5,529,-2.437446,51.376221,66,261.7,2.5,0.71
482,43:07.5,530,-2.437449,51.376221,65.3,270.7,0.9,0.71
483,43:08.5,531,-2.43745,51.376217,67,267.9,1.4,0.711
484,43:09.5,532,-2.437444,51.376223,67.6,247.7,2.7,0.711
485,43:10.5,533,-2.43742,51.376225,66.3,255.2,6,0.713
486,43:11.5,534,-2.437402,51.376205,67.1,263,8.9,0.716
487,43:12.5,535,-2.437393,51.376197,67.9,263.9,4.1,0.717
488,43:13.5,536,-2.43739,51.376196,67.5,255,0.9,0.717
489,43:14.5,537,-2.437377,51.376179,69.1,246.2,7.3,0.719
490,43:15.5,538,-2.437368,51.376172,69,247.8,3.8,0.72
491,43:16.5,539,-2.43736,51.376173,67.9,253.8,2.1,0.721
492,43:17.5,540,-2.437351,51.376175,67.6,239.4,2.3,0.721
493,43:18.5,541,-2.437336,51.376174,67.2,235.7,3.7,0.722
494,43:19.5,542,-2.43732,51.376175,66.8,228.1,4,0.723
495,43:20.5,543,-2.437286,51.376167,68.8,219.3,9.1,0.726
496,43:21.5,544,-2.437283,51.376175,67.9,226.1,3.2,0.727
497,43:22.5,545,-2.43728,51.376174,67.4,209,1,0.727
498,43:23.5,546,-2.437258,51.376175,68.5,207.1,5.4,0.729
499,43:24.5,547,-2.437232,51.376174,68.3,211.8,6.6,0.73
500,43:25.5,548,-2.437219,51.376178,68.2,206.3,3.6,0.731
501,43:26.5,549,-2.437213,51.376185,68,212.5,3.1,0.732
502,43:27.5,550,-2.437204,51.376185,68.1,192.6,2.2,0.733
503,43:28.5,551,-2.437189,51.376188,68.3,202.5,3.9,0.734
504,43:29.5,552,-2.437188,51.376196,69.1,205,3.2,0.735
505,43:30.5,553,-2.437167,51.376195,69.3,202.2,5.3,0.736
506,43:31.5,554,-2.437156,51.376195,67.5,196.9,2.9,0.737
507,43:32.5,555,-2.437142,51.376195,66,172.7,3.4,0.738
508,43:33.5,556,-2.437141,51.376207,69.1,189.8,4.9,0.739
509,43:34.5,557,-2.43714,51.376209,67.5,177.8,1,0.74
510,43:35.5,558,-2.437133,51.376212,66.9,173,2.2,0.74
511,43:36.5,559,-2.43713,51.376215,66.7,179.8,1.3,0.741
512,43:37.5,560,-2.437111,51.376224,67,181,6,0.742
513,43:38.5,561,-2.437091,51.376234,67.6,178.4,6.5,0.744
514,43:39.5,562,-2.437083,51.376243,68.1,173.2,4,0.745
515,43:40.5,563,-2.437087,51.376269,68.4,151.6,10.8,0.748
516,43:41.5,564,-2.437112,51.376293,67.5,176,11.5,0.751
517,43:42.5,565,-2.437155,51.376328,67.1,164.8,17.4,0.756
518,43:43.5,566,-2.437169,51.376372,67.8,168,18,0.761
519,43:44.5,567,-2.437178,51.376387,67.3,156.1,6.4,0.763
520,43:45.5,568,-2.43717,51.376394,70.1,157.6,3.7,0.764
521,43:46.5,569,-2.437169,51.376412,68.7,170.1,7,0.766
522,43:47.5,570,-2.437173,51.376424,68.5,162.3,4.8,0.767
523,43:48.5,571,-2.437167,51.376423,67.3,152.4,1.6,0.768
524,43:49.5,572,-2.437162,51.376426,67.8,161.9,1.5,0.768
525,43:50.5,573,-2.437148,51.376427,66.6,163.6,3.5,0.769
526,43:51.5,574,-2.437135,51.376432,68.6,157.5,3.8,0.77
527,43:52.5,575,-2.437124,51.376447,68.5,170.1,6.5,0.772
528,43:53.5,576,-2.437114,51.376454,66.3,157.5,3.7,0.773
529,43:54.5,577,-2.437117,51.37646,65.4,169.4,2.6,0.774
530,43:55.5,578,-2.437111,51.37647,66.5,165.6,4.1,0.775
531,43:56.5,579,-2.437111,51.376473,68.6,165.5,1.2,0.775
532,43:57.5,580,-2.437112,51.376487,67.7,168.9,5.4,0.777
533,43:58.5,581,-2.437102,51.376496,67.5,158.9,4.6,0.778
534,43:59.5,582,-2.43708,51.376521,67.7,155,11.5,0.781
535,44:00.5,583,-2.437084,51.376532,67,170,4.5,0.783
536,44:01.5,584,-2.437075,51.376552,68.3,163.3,8.2,0.785
537,44:02.5,585,-2.43708,51.37656,68,169.8,3.5,0.786
538,44:03.5,586,-2.437077,51.37657,67.7,167,3.9,0.787
539,44:04.5,587,-2.437068,51.376575,67.1,153.7,3.1,0.788
540,44:05.5,588,-2.437078,51.376577,66.1,151.3,2.7,0.789
541,44:06.5,589,-2.43709,51.376571,66.6,159.4,3.9,0.79
542,44:07.5,590,-2.437085,51.376581,68.5,155.2,4.4,0.791
543,44:08.5,591,-2.437086,51.376582,68,161.8,0.5,0.791
544,44:09.5,592,-2.437087,51.376582,67.3,166.6,0.5,0.791
545,44:10.5,593,-2.437085,51.376598,67.7,171.9,6.4,0.793
546,44:11.5,594,-2.437086,51.376615,67.3,161.8,6.7,0.795
547,44:12.5,595,-2.437075,51.376615,67.8,153.8,2.7,0.796
548,44:13.5,596,-2.437101,51.376636,68.2,158.1,10.6,0.798
549,44:14.5,597,-2.436992,51.376689,67.2,163,34.5,0.808
550,44:15.5,598,-2.436996,51.376687,66.6,160.1,1.2,0.808
551,44:16.5,599,-2.436996,51.376693,66.1,160,2.2,0.809
552,44:17.5,600,-2.436983,51.376695,65.8,151.4,3.3,0.81
553,44:18.5,601,-2.436985,51.376703,65.2,158.3,3.3,0.811
554,44:19.5,602,-2.436976,51.376712,69.1,151.3,4.3,0.812
555,44:20.5,603,-2.436899,51.37676,67.4,140.8,27.2,0.82
556,44:21.5,604,-2.436941,51.376818,67.3,154.3,25.4,0.827
557,44:22.5,605,-2.436951,51.376847,67.4,155.7,11.8,0.83
558,44:23.5,606,-2.436947,51.376876,68.6,159.8,11.9,0.833
559,44:24.5,607,-2.43695,51.376893,66.7,155.1,6.7,0.835
560,44:25.5,608,-2.436966,51.376892,65.9,179.7,4.2,0.836
561,44:26.5,609,-2.436972,51.376897,64.7,191.4,2.6,0.837
562,44:27.5,610,-2.436953,51.376896,66.1,180.8,4.7,0.838
563,44:28.5,611,-2.436923,51.376903,66.7,194.7,8.1,0.841
564,44:29.5,612,-2.436907,51.376892,65.7,209.3,6.2,0.842
565,44:30.5,613,-2.436891,51.376884,65.5,214.9,5,0.844
566,44:31.5,614,-2.43687,51.376887,65.6,210.2,5.4,0.845
567,44:32.5,615,-2.436854,51.376889,66.1,220.9,4.1,0.846
568,44:33.5,616,-2.436843,51.376899,66.5,227.1,4.8,0.848
569,44:34.5,617,-2.436824,51.376878,66.9,218.1,9.8,0.85
570,44:35.5,618,-2.436805,51.376879,66.2,228.5,4.7,0.852
571,44:36.5,619,-2.436784,51.37688,67.4,237.3,5.2,0.853
572,44:37.5,620,-2.43677,51.376884,66.9,240.2,4.2,0.854
573,44:38.5,621,-2.436771,51.376879,66.6,239.7,2.4,0.855
574,44:39.5,622,-2.436758,51.376875,65.4,232,3.5,0.856
575,44:40.5,623,-2.436754,51.376878,64.9,242.7,1.7,0.856
576,44:41.5,624,-2.436747,51.376874,64.7,239.8,2.6,0.857
577,44:42.5,625,-2.436728,51.376867,66.9,233,5.2,0.859
578,44:43.5,626,-2.436707,51.376877,66.1,243.4,6.5,0.86
579,44:44.5,627,-2.436671,51.376866,66.2,246.2,10,0.863
580,44:45.5,628,-2.436664,51.376861,66.9,230.1,2.6,0.864
581,44:46.5,629,-2.436645,51.37686,67.3,237.4,4.9,0.865
582,44:47.5,630,-2.436634,51.376857,67.9,249.3,3,0.866
583,44:48.5,631,-2.436591,51.376837,68.7,251.5,13.4,0.87
584,44:49.5,632,-2.43659,51.376839,67.6,260.3,1.1,0.87
585,44:50.5,633,-2.436573,51.376834,67.2,273.4,4.7,0.871
586,44:51.5,634,-2.436559,51.376837,66.1,250.5,3.7,0.872
587,44:52.5,635,-2.436552,51.376836,65.8,255.5,1.9,0.873
588,44:53.5,636,-2.436536,51.376836,66.2,250.2,3.8,0.874
589,44:54.5,637,-2.436516,51.376831,67.1,231.5,5.4,0.875
590,44:55.5,638,-2.43651,51.376824,69.3,223.1,3.2,0.876
591,44:56.5,639,-2.436497,51.376826,68.8,206.3,3.2,0.877
592,44:57.5,640,-2.436477,51.376825,67.7,213.6,5,0.879
593,44:58.5,641,-2.436464,51.376834,67.2,206.7,5,0.88
594,44:59.5,642,-2.436442,51.376838,66.7,199,5.8,0.882
595,45:00.5,643,-2.436421,51.376839,66.4,200.1,5.3,0.883
596,45:01.5,644,-2.436424,51.376839,65.9,176.3,0.8,0.883
597,45:02.5,645,-2.436442,51.376839,67.1,167.5,4.4,0.884
598,45:03.5,646,-2.436443,51.376845,67.1,175.9,2.4,0.885
599,45:04.5,647,-2.436444,51.376853,66.9,167.8,3.1,0.886
600,45:05.5,648,-2.43645,51.376868,66,175.9,6.2,0.888
601,45:06.5,649,-2.436462,51.376884,66.4,151.7,6.9,0.89
602,45:07.5,650,-2.436477,51.376887,67.1,19.8,3.8,0.891
603,45:08.5,651,-2.436459,51.376898,67.3,56.1,6.2,0.892
604,45:09.5,652,-2.436444,51.376898,67.1,41.7,3.9,0.894
605,45:10.5,653,-2.43646,51.376916,66.8,70.3,8.5,0.896
606,45:11.5,654,-2.436458,51.37693,66.8,70.7,5.8,0.897
607,45:12.5,655,-2.43646,51.376939,67.1,94.8,3.6,0.898
608,45:13.5,656,-2.436464,51.376943,66.7,81.3,1.7,0.899
609,45:14.5,657,-2.436473,51.376946,66.6,129.3,2.8,0.9
610,45:15.5,658,-2.436473,51.376957,66.3,121.1,4.5,0.901
611,45:16.5,659,-2.436469,51.376968,66.3,109.5,4.5,0.902
612,45:17.5,660,-2.436459,51.376982,66.4,147,6.2,0.904
613,45:18.5,661,-2.436463,51.377003,66.2,156.9,8.4,0.906
614,45:19.5,662,-2.436462,51.377021,65.9,149.7,6.9,0.908
615,45:20.5,663,-2.436466,51.377022,64.7,158.8,1.2,0.909
616,45:21.5,664,-2.436448,51.377034,64.4,165.6,6.9,0.91
617,45:22.5,665,-2.436437,51.377056,67.6,147,9.1,0.913
618,45:23.5,666,-2.436436,51.377056,66.3,147.3,0,0.913
619,45:24.5,667,-2.436433,51.377064,65.8,157,3.6,0.914
620,45:25.5,668,-2.436428,51.377074,66,141.1,4,0.915
621,45:26.5,669,-2.43642,51.377079,66,141.8,2.9,0.916
622,45:27.5,670,-2.43643,51.37708,65.9,121.8,2.4,0.917
623,45:28.5,671,-2.436423,51.377097,66.8,113.6,7,0.919
624,45:29.5,672,-2.436436,51.377107,65.7,103.9,5,0.92
625,45:30.5,673,-2.436455,51.377109,64.9,82.1,5,0.921
626,45:31.5,674,-2.436454,51.377109,65.9,85.5,0.5,0.921
627,45:32.5,675,-2.436463,51.377105,66.3,67.4,2.9,0.922
628,45:33.5,676,-2.436471,51.377097,65.6,67.8,3.6,0.923
629,45:34.5,677,-2.436486,51.377088,66,67.1,5.4,0.925
630,45:35.5,678,-2.436511,51.377106,65.4,67.5,9.5,0.927
631,45:36.5,679,-2.436526,51.377099,66.6,58.6,4.9,0.929
632,45:37.5,680,-2.436545,51.377105,66.2,65.5,5.5,0.93
633,45:38.5,681,-2.436551,51.377109,64.8,65.6,2,0.931
634,45:39.5,682,-2.436565,51.377112,65,62.2,3.7,0.932
635,45:40.5,683,-2.436573,51.377107,65.5,63.9,2.7,0.933
636,45:41.5,684,-2.436583,51.377101,65.2,63.3,3.4,0.934
637,45:42.5,685,-2.436594,51.37711,65.1,59,4.6,0.935
638,45:43.5,686,-2.436602,51.377105,64.6,51.4,2.9,0.936
639,45:44.5,687,-2.436613,51.377106,64.8,61,2.9,0.936
640,45:45.5,688,-2.436639,51.377097,65.8,62.2,7.4,0.939
641,45:46.5,689,-2.436691,51.37709,63.9,69.8,13.1,0.942
642,45:47.5,690,-2.436681,51.377092,64.2,95.5,2.6,0.943
643,45:48.5,691,-2.436668,51.377078,63.8,110.2,6.2,0.945
644,45:49.5,692,-2.43668,51.377078,64.7,101.3,2.9,0.945
645,45:50.5,693,-2.436705,51.377099,64.6,78.3,10.5,0.948
646,45:51.5,694,-2.436708,51.37712,65,357.5,8.6,0.951
647,45:52.5,695,-2.436709,51.377165,66.7,241.5,18,0.956
648,45:53.5,696,-2.436741,51.377149,66.4,304.5,10.5,0.959
649,45:54.5,697,-2.43674,51.377164,66.2,58.3,6,0.96
650,45:55.5,698,-2.43675,51.377159,65.8,49.8,2.9,0.961
651,45:56.5,699,-2.436796,51.377148,64.9,50.6,12.6,0.965
652,45:57.5,700,-2.43687,51.377124,66.1,60.2,20.8,0.97
653,45:58.5,701,-2.436853,51.377095,67.1,67.4,12.3,0.974
654,45:59.5,702,-2.436846,51.377096,66.4,78.1,1.8,0.974
655,46:00.5,703,-2.436857,51.377093,66.3,101.3,2.8,0.975
656,46:01.5,704,-2.436859,51.377116,68,120.1,9,0.978
657,46:02.5,705,-2.436857,51.377123,66.9,134,2.8,0.978
658,46:03.5,706,-2.436833,51.377128,66.8,115,6.4,0.98
659,46:04.5,707,-2.436828,51.377136,67,97.7,3.3,0.981
660,46:05.5,708,-2.436837,51.377142,66.9,92.9,3.3,0.982
661,46:06.5,709,-2.436875,51.377189,66.3,91.9,21.1,0.988
662,46:07.5,710,-2.436802,51.377156,66.3,80.5,22.4,0.994
663,46:08.5,711,-2.436795,51.37716,66.3,48.7,2.4,0.995
664,46:09.5,712,-2.436792,51.377162,66,6.2,1,0.995
665,46:10.5,713,-2.436802,51.377169,66.4,5.4,3.8,0.996
666,46:11.5,714,-2.436811,51.377162,66.3,349.7,3.8,0.997
667,46:12.5,715,-2.436817,51.37722,66.3,10.8,23.3,1.004
668,46:13.5,716,-2.436801,51.377221,65.5,15,3.9,1.005
669,46:14.5,717,-2.436824,51.37723,65.1,12.9,6.6,1.007
670,46:15.5,718,-2.436806,51.377249,68.2,2.1,8.7,1.009
671,46:16.5,719,-2.436794,51.377251,68.3,348.4,3.1,1.01
672,46:17.5,720,-2.436796,51.377254,67.9,343.5,1.5,1.01
673,46:18.5,721,-2.436816,51.377256,67.5,343.2,4.9,1.012
674,46:19.5,722,-2.436818,51.377261,66.9,347.1,2.2,1.012
675,46:20.5,723,-2.436821,51.377265,66.7,329.6,1.9,1.013
676,46:21.5,724,-2.436823,51.37727,66.4,314.8,2.1,1.013
677,46:42.5,745,-2.436852,51.377216,65.3,6.3,1.1,1.02
678,46:43.5,746,-2.436819,51.377147,65.3,331,28.8,1.028
679,46:50.5,753,-2.43685,51.377107,65.3,314.9,2.5,1.033
680,46:51.5,754,-2.436865,51.377097,67,209.5,5.4,1.034
681,46:56.5,759,-2.43688,51.377085,67.5,300.2,1.2,1.036
682,47:02.5,765,-2.436883,51.377103,67.6,98.1,1.2,1.038
683,47:04.5,767,-2.43689,51.377168,67.6,121.6,13,1.045
684,47:08.5,771,-2.43689,51.377131,68.9,17.4,3.7,1.049
685,47:09.5,772,-2.436939,51.377118,69.1,352,13.3,1.053
686,47:15.5,778,-2.436921,51.377092,69.1,50.7,1.9,1.056
687,47:20.5,783,-2.436933,51.377118,69.1,119.1,2.1,1.059
688,47:26.5,789,-2.436941,51.377135,69.1,101,1.2,1.061
689,47:32.5,795,-2.43696,51.377144,69.1,86.5,1,1.063
690,47:33.5,796,-2.436948,51.377141,69.1,92.1,3.2,1.063
691,47:39.5,802,-2.436953,51.377163,69.1,283.4,1.5,1.066
692,47:45.5,808,-2.436954,51.377171,69.1,265.6,0.5,1.067
693,47:51.5,814,-2.436952,51.37718,69.1,265.6,0.6,1.068
694,47:57.5,820,-2.436951,51.377179,69.1,265.6,0.1,1.068
695,47:58.5,821,-2.436929,51.37716,69.1,265.6,9.4,1.071
696,48:11.5,834,-2.436956,51.377176,69.1,282.7,0.7,1.073
697,48:17.5,840,-2.436954,51.377178,69.1,275.1,0.2,1.073
698,48:18.5,841,-2.436912,51.377161,69.1,266,12.4,1.077
699,48:24.5,847,-2.436942,51.377175,69.1,279.3,1.6,1.079
700,48:30.5,853,-2.436947,51.377176,69.1,313.2,0.2,1.08
701,48:31.5,854,-2.436927,51.377125,69.1,315.4,21,1.086
702,48:37.5,860,-2.436949,51.377171,69.1,262.5,3.2,1.091
703,48:43.5,866,-2.436952,51.377181,69.1,309.5,0.7,1.092
704,48:44.5,867,-2.43691,51.377134,69.1,309.5,21.8,1.098
705,48:55.5,878,-2.436938,51.377166,69.1,288.1,1.3,1.102
706,48:56.5,879,-2.436975,51.377169,69.1,288.1,9.2,1.105
707,49:11.5,894,-2.436965,51.377174,69.1,307.2,0.2,1.106
708,49:17.5,900,-2.436948,51.377177,69.1,296.4,0.7,1.107
709,49:18.5,901,-2.436959,51.377175,69.1,289,2.7,1.108
710,49:24.5,907,-2.436951,51.377178,69.1,291,0.4,1.108
711,49:34.5,917,-2.436959,51.377176,69.1,291,0.2,1.109
712,49:41.5,924,-2.436946,51.377172,69.1,284.6,0.6,1.11
713,49:42.5,925,-2.436889,51.377135,69.1,284.6,20.2,1.116
714,49:48.5,931,-2.43694,51.377173,69.1,284.5,3.3,1.121
715,49:54.5,937,-2.436959,51.37718,69.1,286.5,0.9,1.123
716,49:55.5,938,-2.43696,51.377154,69.1,286.5,10.5,1.126
717,50:01.5,944,-2.43695,51.377176,69.1,263.8,1.5,1.128
718,50:07.5,950,-2.436951,51.377172,69.1,263.7,0.2,1.129
719,50:08.5,951,-2.436963,51.377159,69.1,269.5,6.1,1.13
720,50:14.5,957,-2.436949,51.377181,69.1,275.7,1.6,1.133
721,50:20.5,963,-2.436941,51.377172,69.1,255.5,0.7,1.134
722,50:21.5,964,-2.436942,51.377159,69.1,255.5,5,1.135
723,50:27.5,970,-2.436952,51.377181,69.1,270.5,1.5,1.138
724,50:33.5,976,-2.43695,51.377173,69.1,273.6,0.5,1.139
725,50:34.5,977,-2.43697,51.377171,69.1,273.6,5.1,1.14
726,50:40.5,983,-2.436953,51.377182,69.1,256.8,1,1.142
727,50:46.5,989,-2.436954,51.377178,69.1,241.9,0.3,1.142
728,50:47.5,990,-2.436939,51.377132,69.1,246.8,18.9,1.147
729,50:53.5,996,-2.436942,51.377171,69.1,256.4,2.6,1.152
730,50:55.5,998,-2.436947,51.377181,69.1,270.3,2,1.153
731,50:56.5,999,-2.436942,51.377184,69.1,269.2,1.7,1.153
732,51:02.5,1005,-2.436918,51.377195,69.1,282.5,1.3,1.155
733,51:08.5,"1,011.00",-2.436914,51.377161,69.1,273,2.3,1.159
734,51:14.5,"1,017.00",-2.436866,51.377162,69.1,277.2,2,1.163
735,51:15.5,"1,018.00",-2.436946,51.377152,69.1,277.2,20.3,1.168
736,51:22.5,"1,025.00",-2.436933,51.377153,69.1,268.1,0.5,1.169
737,51:31.5,"1,034.00",-2.436926,51.37715,69.1,273.3,0.2,1.17
738,51:45.5,"1,048.00",-2.436905,51.377113,69.1,273.3,1.1,1.174
739,51:52.5,"1,055.00",-2.436945,51.377152,69.1,274.5,2.6,1.179
740,51:58.5,"1,061.00",-2.436949,51.377178,69.1,275.6,1.8,1.182
741,51:59.5,"1,062.00",-2.436967,51.377176,69.1,275.6,4.6,1.183
742,52:05.5,"1,068.00",-2.436953,51.377181,69.1,275.6,0.7,1.185
743,52:20.5,"1,083.00",-2.436966,51.37715,69.1,275.6,0.8,1.188
744,52:35.5,"1,098.00",-2.436967,51.377149,69.1,275.6,0,1.188
745,52:50.5,"1,113.00",-2.436967,51.377149,69.1,275.6,0,1.188
746,53:05.5,"1,128.00",-2.436967,51.377149,69.1,275.6,0,1.188
747,53:20.5,"1,143.00",-2.436967,51.377149,69.1,275.6,0,1.188
748,53:35.5,"1,158.00",-2.436967,51.377149,69.1,275.6,0,1.188
749,53:50.5,"1,173.00",-2.436967,51.377149,69.1,275.6,0,1.188
750,54:05.5,"1,188.00",-2.436967,51.377149,69.1,275.6,0,1.188
751,54:20.5,"1,203.00",-2.436959,51.377161,69.1,275.6,0.4,1.19
752,54:21.5,"1,204.00",-2.436958,51.377165,69.1,275.6,1.7,1.19
753,54:36.5,"1,219.00",-2.436957,51.377167,69.1,275.6,0,1.19
754,54:51.5,"1,234.00",-2.436953,51.377173,69.1,275.6,0.2,1.191
755,55:01.5,"1,244.00",-2.436952,51.377165,69.1,276.6,0.3,1.192
756,55:07.5,"1,250.00",-2.43695,51.37718,69.1,287.3,1,1.193
757,55:08.5,"1,251.00",-2.436938,51.377137,69.1,287.3,17.6,1.198
758,55:16.5,"1,259.00",-2.436947,51.377175,69.1,272.9,1.9,1.203
759,55:17.5,"1,260.00",-2.436934,51.377173,69.1,272.9,3.5,1.204
760,55:23.5,"1,266.00",-2.436948,51.377181,69.1,276.4,0.8,1.205
761,55:29.5,"1,272.00",-2.436952,51.377176,69.1,270.9,0.4,1.206
762,55:30.5,"1,273.00",-2.436929,51.377169,69.1,270.9,6.5,1.207
763,55:36.5,"1,279.00",-2.436938,51.377174,69.1,271.9,0.5,1.208
764,55:37.5,"1,280.00",-2.436931,51.377171,69.1,271.9,2.2,1.209
765,55:50.5,"1,293.00",-2.436944,51.377176,69.1,270.8,0.3,1.21
766,55:56.5,"1,299.00",-2.436957,51.377173,69.1,271.9,0.6,1.211
767,55:57.5,"1,300.00",-2.436954,51.377166,69.1,271.9,2.7,1.212
768,56:06.5,"1,309.00",-2.436948,51.377178,69.1,271.9,0.6,1.213
769,56:07.5,"1,310.00",-2.436921,51.377172,69.1,271.9,7.1,1.215
770,56:22.5,"1,325.00",-2.436939,51.377176,69.1,273.1,0.3,1.216
771,56:28.5,"1,331.00",-2.436949,51.377176,69.1,272.1,0.4,1.217
772,56:29.5,"1,332.00",-2.436944,51.377164,69.1,272.1,5.1,1.219
773,56:44.5,"1,347.00",-2.436944,51.377161,69.1,272.1,0.1,1.219
774,56:59.5,"1,362.00",-2.436943,51.377161,69.1,272.1,0,1.219
775,57:14.5,"1,377.00",-2.436947,51.377171,69.1,272.1,0.3,1.22
776,57:29.5,"1,392.00",-2.436964,51.377169,69.1,272.1,0.3,1.221
777,57:30.5,"1,393.00",-2.436993,51.377172,69.1,272.1,7.3,1.223
778,57:37.5,"1,400.00",-2.436954,51.377178,69.1,273.1,1.4,1.226
779,57:38.5,"1,401.00",-2.436967,51.377165,69.1,273.1,6.2,1.228
780,57:44.5,"1,407.00",-2.436954,51.377173,69.1,274.1,0.7,1.229
781,57:59.5,"1,422.00",-2.43696,51.377163,69.1,274.1,0.3,1.23
782,58:14.5,"1,437.00",-2.43696,51.377162,69.1,274.1,0,1.23
783,58:27.5,"1,450.00",-2.436952,51.377174,69.1,283.9,0.4,1.232
784,58:33.5,"1,456.00",-2.436948,51.377176,69.1,184,0.2,1.232
785,58:34.5,"1,457.00",-2.436949,51.377115,69.1,173.7,24.3,1.239
786,58:40.5,"1,463.00",-2.436949,51.37717,69.1,129.6,3.7,1.245
787,58:46.5,"1,469.00",-2.436953,51.377185,69.1,131.2,1,1.247
788,58:47.5,"1,470.00",-2.436973,51.377173,69.1,130.2,6.8,1.248
789,58:54.5,"1,477.00",-2.436951,51.377178,69.1,91.1,0.9,1.25
790,59:01.5,"1,484.00",-2.436949,51.377177,69.1,168.5,0.1,1.25
791,59:07.5,"1,490.00",-2.436949,51.377176,69.1,177.8,0.1,1.25
792,59:08.5,"1,491.00",-2.436969,51.377159,69.1,176.2,8.4,1.253
793,59:14.5,"1,497.00",-2.436952,51.377177,69.1,182.2,1.4,1.255
794,59:20.5,"1,503.00",-2.436951,51.377177,69.1,93.7,0.1,1.255
795,59:21.5,"1,504.00",-2.436946,51.377147,69.1,92.6,12,1.258
796,59:27.5,"1,510.00",-2.436946,51.377175,69.1,120.9,1.9,1.262
797,59:28.5,"1,511.00",-2.436951,51.377167,69.1,116.9,3.3,1.262
798,59:34.5,"1,517.00",-2.43695,51.37718,69.1,121.3,0.8,1.264
799,59:40.5,"1,523.00",-2.436945,51.377177,69.1,90,0.3,1.264
800,59:41.5,"1,524.00",-2.436969,51.377119,69.1,88.8,23.9,1.271
801,59:47.5,"1,530.00",-2.436955,51.377169,69.1,90.8,3.4,1.276
802,59:54.5,"1,537.00",-2.436948,51.37718,69.1,79,0.7,1.278
803,00:00.5,"1,543.00",-2.43695,51.377179,69.1,76.4,0.1,1.278
804,00:07.5,"1,550.00",-2.43695,51.377177,69.1,79.5,0.1,1.278
805,00:08.5,"1,551.00",-2.436963,51.377154,69.1,79.5,9.6,1.281
806,00:15.5,"1,558.00",-2.43695,51.377177,69.1,71.3,1.4,1.284
807,00:22.5,"1,565.00",-2.436945,51.377172,69.1,77.1,0.3,1.284
808,00:28.5,"1,571.00",-2.436954,51.377181,69.1,78.1,0.7,1.285
809,00:29.5,"1,572.00",-2.436953,51.377148,69.1,83.3,13.3,1.289
810,00:35.5,"1,578.00",-2.436948,51.377175,69.1,78.5,1.8,1.292
811,00:41.5,"1,584.00",-2.436952,51.377178,69.1,102.3,0.2,1.293
812,00:42.5,"1,585.00",-2.436974,51.377149,69.1,105.9,12.8,1.296
813,00:48.5,"1,591.00",-2.436951,51.377176,69.1,130.8,2,1.299
814,00:54.5,"1,597.00",-2.436943,51.377179,69.1,125.3,0.4,1.3
815,00:55.5,"1,598.00",-2.436956,51.377154,69.1,128.6,10.4,1.303
816,01:01.5,"1,604.00",-2.436952,51.377176,69.1,95.9,1.4,1.305
817,01:07.5,"1,610.00",-2.436949,51.37718,69.1,136.3,0.3,1.306
818,01:08.5,"1,611.00",-2.436928,51.377135,69.1,135.6,18.5,1.311
819,01:14.5,"1,617.00",-2.436945,51.377171,69.1,151.7,2.5,1.315
820,01:20.5,"1,623.00",-2.43695,51.377181,69.1,113.5,0.7,1.316
821,01:21.5,"1,624.00",-2.436938,51.377172,69.1,121.6,4.7,1.318
822,01:27.5,"1,630.00",-2.436948,51.377179,69.1,163.1,0.6,1.319
823,01:33.5,"1,636.00",-2.436951,51.377177,69.1,125.3,0.2,1.319
824,01:34.5,"1,637.00",-2.436951,51.377147,69.1,131.3,12,1.322
825,01:40.5,"1,643.00",-2.436949,51.377174,69.1,165.3,1.8,1.325
826,01:46.5,"1,649.00",-2.43695,51.377179,69.1,39.7,0.3,1.326
827,01:47.5,"1,650.00",-2.436961,51.377159,69.1,47.9,8.4,1.328
828,01:53.5,"1,656.00",-2.436951,51.377177,69.1,356.5,1.2,1.33
829,01:59.5,"1,662.00",-2.436952,51.377177,69.1,25.6,0,1.33
830,02:00.5,"1,663.00",-2.436971,51.377151,69.1,25.6,11.4,1.333
831,02:11.5,"1,674.00",-2.436954,51.377172,69.1,270.8,0.9,1.336
832,02:12.5,"1,675.00",-2.436948,51.377169,69.1,282.7,1.9,1.337
833,02:18.5,"1,681.00",-2.436947,51.377179,69.1,349.3,0.6,1.338
834,02:24.5,"1,687.00",-2.436947,51.377175,69.1,13.1,0.2,1.338
835,02:25.5,"1,688.00",-2.436956,51.377172,69.1,17.2,2.7,1.339
836,02:31.5,"1,694.00",-2.436952,51.37718,69.1,42,0.5,1.34
837,02:37.5,"1,700.00",-2.436948,51.377174,69.1,53.2,0.4,1.34
838,02:38.5,"1,701.00",-2.436981,51.377144,69.1,52.1,14.6,1.344
839,02:44.5,"1,707.00",-2.436955,51.377175,69.1,48,2.3,1.348
840,02:45.5,"1,708.00",-2.436974,51.377136,69.1,47,16.1,1.353
841,02:51.5,"1,714.00",-2.43695,51.377176,69.1,338.3,2.8,1.357
842,02:52.5,"1,715.00",-2.436963,51.377158,69.1,337.1,7.7,1.36
843,02:58.5,"1,721.00",-2.436949,51.377179,69.1,2.1,1.5,1.362
844,03:04.5,"1,727.00",-2.436949,51.377178,69.1,3.9,0.1,1.362
845,03:05.5,"1,728.00",-2.436965,51.377155,69.1,4.9,10.1,1.365
846,03:11.5,"1,734.00",-2.436951,51.377176,69.1,337.8,1.5,1.368
847,03:12.5,"1,735.00",-2.436969,51.37716,69.1,337.1,7.9,1.37
848,03:18.5,"1,741.00",-2.436952,51.377177,69.1,319.8,1.4,1.372
849,03:19.5,"1,742.00",-2.436943,51.377158,69.1,334.1,8,1.374
